underground = [140.4	114.55	120.01	90.22	106.93	99.75	111.16	110.04	110.12	91.9	100.64];
x = 0:10;

otherw = [1.27	1.20	1.65	1.86	1.98	3.15	3.33	4.01	7.38	6.41	6.15];

